,lat,lng
0,37.5418514,127.1238562
1,37.5443685,127.126709
2,37.5443685,127.126709
3,37.55410579999999,127.1271601
4,37.5546668,127.1437263
5,37.5492346,127.1271354
6,37.5344625,127.1219942
7,37.5494113,126.9057261
8,37.5342203,127.1376725
9,37.5349115,127.1353371
10,37.5357572,127.122581
11,37.5486728,127.1275525
12,37.5506607,127.1427208
13,37.54978990000001,127.1475646
14,37.5609818,127.171693
15,37.53545829999999,127.1449819
16,37.5244488,127.1351445
17,37.5381218,127.1384561
18,37.555615,126.9108031
19,37.528511,127.1268224
20,37.5644181,127.1746127
21,37.5337634,127.1380308
22,37.5488618,127.1753808
23,37.5301756,127.1237721
24,37.5472351,127.1721734
25,37.54766890000001,127.1559391
26,37.535597,127.1485643
27,37.5330415,127.1227341
28,37.5366748,127.1255259
29,37.5559132,126.9098266
30,37.52715329999999,127.1218733
31,37.5556583,127.1297825
32,37.5563012,127.1358008
33,37.5581214,127.144932
34,37.5597869,127.1496036
35,37.55495,127.15431
36,37.5523494,127.1532673
37,37.5683411,127.1744574
38,37.5607056,127.1665624
39,37.550638,126.9148558
40,37.558505,127.1531495
41,37.56869409999999,127.1792079
42,37.5472542,127.1431024
43,37.53693,127.136955
44,37.5345958,127.1344401
45,37.5600393,127.1808666
46,37.5494023,126.9143203
47,37.527359,127.1356019
48,37.5552613,127.1375654
49,37.5569559,127.1569246
50,37.5616221,127.165007
51,37.5598446,127.1695621
52,37.5647396,127.1788562
53,37.5562254,127.1736584
54,37.5507901,127.1628408
55,37.5361517,127.1323579
56,37.5485994,126.9138216
57,37.5442053,127.1333193
58,37.546686,127.1347948
59,37.5507901,127.1628408
60,37.5574729,126.918349
61,37.5527387,126.9177384
62,37.5474452,126.9199153
63,37.5687551,126.9185934
64,37.58128809999999,126.7988953
65,37.5736027,126.8125546
66,37.5774208,126.812426
67,37.5808905,126.8141076
68,37.572904,126.816905
69,37.5634178,126.8101673
70,37.5665057,126.8112728
71,37.5479389,126.9231629
72,37.5628296,126.8154028
73,37.5764888,126.8307466
74,37.5764888,126.8307466
75,37.573025,126.8245124
76,37.5727785,126.8270916
77,37.5519926,126.8640218
78,37.5580964,126.8434422
79,37.557504,126.8615681
80,37.5541355,126.8676165
81,37.5495156,126.9233518
82,37.564239,126.855583
83,37.5619849,126.863732
84,37.5611473,126.8644193
85,37.5579802,126.8383984
86,37.5532369,126.8365458
87,37.5493649,126.8365166
88,37.54153700000001,126.839096
89,37.54138,126.84019
90,37.5422943,126.8418079
91,37.5560805,126.9234453
92,37.5429673,126.8429879
93,37.5456338,126.8451443
94,37.5510326,126.8637942
95,37.5464454,126.8622863
96,37.544768,126.8618569
97,37.5426142,126.862478
98,37.5385465,126.8633636
99,37.5566399,126.9246867
100,37.5316969,126.8634675
101,37.5289008,126.8488134
102,37.5289008,126.8488134
103,37.5302012,126.8384662
104,37.541439,126.8443536
105,37.5619185,126.826919
106,37.5592003,126.9270482
107,37.56152,126.81099
108,37.560052,126.825642
109,37.55962,126.82514
110,37.558621,126.839461
111,37.5691779,126.8489398
112,37.5509103,126.8495742
113,37.55137,126.86375
114,37.5670664,126.8485632
115,37.564632,126.9273778
116,37.56788,126.84097
117,37.550451,126.821402
118,37.5632004,126.8215639
119,37.570772,126.8199507
120,37.568203,126.8212874
121,37.5623544,126.8423396
122,37.551713,126.825184
123,37.5665901,126.8223564
124,37.54713,126.87402
125,37.59243,126.941289
126,37.5490687,126.8689883
127,37.5501738,126.8737302
128,37.5610254,126.8605161
129,37.554998,126.855006
130,37.556895,126.850927
131,37.5544786,126.857565
132,37.5512027,126.8232041
133,37.572455,126.806839
134,37.5467114,126.9328565
135,37.5586761,126.8269413
136,37.5542241,126.822061
137,37.5567802,126.8476094
138,37.5483449,126.8547974
139,37.5714881,126.8385542
140,37.561533,126.8488
141,37.554736,126.81586
142,37.553324,126.8189946
143,37.5715212,126.8277257
144,37.5450318,126.9317529
145,37.559296,126.828416
146,37.5678373,126.8270986
147,37.5545058,126.8275123
148,37.559638,126.8316204
149,37.5642915,126.8370963
150,37.5590032,126.8343207
151,37.5692443,126.8353781
152,37.5477399,126.8360088
153,37.562102,126.8303847
154,37.5476762,126.8360572
155,37.5451817,126.9344803
156,37.578229,126.79814
157,37.4930046,127.1184256
158,37.49336,127.14469
159,37.5102972,127.0716793
160,37.511374,127.0772074
161,37.4995601,127.1523303
162,37.5295125,127.1198618
163,37.5186216,127.1049002
164,37.5491344,126.9331735
165,37.5150989,127.1024588
166,37.511509,127.1081523
167,37.4997126,127.1122396
168,37.5080743,127.1321132
169,37.5032462,127.1263422
170,37.5164494,127.1311068
171,37.4790559,127.1306671
172,37.50828,127.1256705
173,37.54741569999999,126.9387194
174,37.5061814,127.084165
175,37.5041555,127.0873217
176,37.5061273,127.0842945
177,37.5118406,127.0820429
178,37.520098,127.112236
179,37.4942493,127.1419784
180,37.4972527,127.1462246
181,37.490769,127.142844
182,37.5945667,126.9472676
183,37.4960117,127.1297717
184,37.508908,127.0859222
185,37.508292,127.0860711
186,37.5083639,127.0860544
187,37.5098111,127.0895602
188,37.4814885,127.1182252
189,37.5511408,126.9373447
190,37.4836751,127.1286743
191,37.481247,127.1198019
192,37.4839972,127.1200817
193,37.4839972,127.1200817
194,37.4839972,127.1200817
195,37.4839972,127.1200817
196,37.4776196,127.1265061
197,37.4839972,127.1200817
198,37.512821,127.1242929
199,37.505177,127.0779464
200,37.5513353,126.9407371
201,37.4898421,127.1108785
202,37.5058,127.10772
203,37.4915744,127.1282903
204,37.4916854,127.117708
205,37.4936853,127.1285958
206,37.50881,127.12645
207,37.5503486,126.9442469
208,37.5061281,127.1224849
209,37.5058779,127.1098195
210,37.4809092,127.1368454
211,37.53863,127.12277
212,37.4861718,127.1279023
213,37.4788364,127.1219977
214,37.5206868,127.1214941
215,37.51711,127.11281
216,37.5127117,127.0886646
217,37.5535729,126.9367635
218,37.4999561,127.1348204
219,37.5322559,127.1201244
220,37.5046842,127.1408721
221,37.5034894,127.1373967
222,37.5144161,127.1060657
223,37.5002571,127.1520358
224,37.5557016,126.9364107
225,37.4957134,127.1589261
226,37.4997988,127.1425822
227,37.5033786,127.1314564
228,37.4789306,127.14503
229,37.4745952,127.1423698
230,37.479731,127.1440429
231,37.4880471,127.1296792
232,37.5303174,127.1136401
233,37.5549192,126.9376804
234,37.4799889,127.1436724
235,37.52159899999999,127.130984
236,37.50642149999999,127.0967159
237,37.514801,127.104244
238,37.5084532,127.0861868
239,37.5084532,127.0861868
240,37.5197955,127.1365339
241,37.5549516,126.9359732
242,37.4983576,127.1394286
243,37.5887596,127.006311
244,37.5933157,127.013138
245,37.5945711,126.9950164
246,37.589366,127.016743
247,37.5896138,127.0073821
248,37.582407,127.029958
249,37.5858388,127.0213536
250,37.5843326,126.9113857
251,37.60658950000001,127.0126733
252,37.6025639,127.0122656
253,37.6121917,127.0076824
254,37.6121917,127.0076824
255,37.602671,127.0236243
256,37.6030058,127.031996
257,37.5981432,127.0348968
258,37.5928572,127.0338429
259,37.5928572,127.0338429
260,37.6007248,127.0402122
261,37.6056749,127.0475351
262,37.6060005,127.0474584
263,37.6062263,127.0483129
264,37.6021723,127.0419297
265,37.5818632,126.9088901
266,37.6134653,127.0657963
267,37.6108657,127.0587533
268,37.6129406,127.061108
269,37.5852404,127.0197035
270,37.5935604,127.0157427
271,37.5869768,127.0209047
272,37.6104118,127.0335697
273,37.5583569,126.9382111
274,37.6178553,127.0549611
275,37.5923947,126.9975051
276,37.5889213,127.0066757
277,37.6002277,127.0139077
278,37.6095887,127.0186795
279,37.6058919,127.0228251
280,37.6047336,127.0231051
281,37.6231809,127.049523
282,37.5583569,126.9382111
283,37.5794785,127.0245757
284,37.581923,127.016196
285,37.6005993,127.022936
286,37.59041,127.035877
287,37.612085,127.008251
288,37.611656,127.0107897
289,37.6202884,127.0458988
290,37.5558027,126.9421554
291,37.6030444,127.0133464
292,37.5940995,127.0032562
293,37.58505,127.01969
294,37.5837835,127.0216315
295,37.5901713,127.0040219
296,37.5935319,126.9994667
297,37.59875419999999,127.040157
298,37.6036883,127.0226004
299,37.5914219,127.0196104
300,37.6090295,127.029732
301,37.5571959,126.9413728
302,37.594707,126.995344
303,37.58645,127.0294639
304,37.6026426,127.0395181
305,37.6041995,127.036822
306,37.59842200000001,127.043023
307,37.59842200000001,127.043023
308,37.5840396,126.9111805
309,37.5592048,126.9371136
310,37.564089,126.9389809
311,37.6146578,127.0760447
312,37.6007,127.102734
313,37.6020601,127.0834027
314,37.5946308,127.0786183
315,37.598603,127.092882
316,37.606005,127.108761
317,37.6118939,127.0780553
318,37.61026,127.07762
319,37.564089,126.9389809
320,37.5780551,127.0902152
321,37.5925298,127.0868775
322,37.591034,127.087569
323,37.61773,127.09027
324,37.5808016,127.0875826
325,37.5947987,127.0861907
326,37.6179739,127.1113504
327,37.55713,126.95589
328,37.6136979,127.0993452
329,37.6126681,127.1032958
330,37.6171078,127.1067657
331,37.606639,127.108067
332,37.587177,127.0960543
333,37.5766022,127.0717534
334,37.5917707,127.0945783
335,37.61441689999999,127.0842018
336,37.5997094,127.0802804
337,37.6064978,127.0927615
338,37.6064082,127.0946811
339,37.6042971,127.0780346
340,37.5804974,127.0819554
341,37.6084063,127.1012226
342,37.60581,127.0999843
343,37.582868,127.0799869
344,37.6157809,127.0937068
345,37.5863675,127.0802368
346,37.6115753,127.1077606
347,37.6013379,127.0798475
348,37.5955189,127.0987606
349,37.5756035,127.080586
350,37.580896,127.0799036
351,37.5911829,127.080408
352,37.58892,127.0873
353,37.5968591,127.0902459
354,37.595627,127.085739
355,37.54422,126.95174
356,37.6195621,127.0852817
357,37.5927334,127.0724295
358,37.5865667,127.0784131
359,37.6044856,127.1096119
360,37.6073376,127.0789585
361,37.595627,127.085739
362,37.5967341,127.0982568
363,37.5897239,127.0928293
364,37.5973272,127.093464
365,37.579778,127.092612
366,37.539705,126.94604
367,37.539705,126.94604
368,37.5422767,126.9428212
369,37.552141,126.935406
370,37.626402,127.02615
371,37.6393061,127.0266927
372,37.6421481,127.0162798
373,37.6407764,127.0131584
374,37.6355128,127.0341429
375,37.5555904,126.9055602
376,37.6274902,127.0346036
377,37.6305353,127.0355544
378,37.6449188,127.0259441
379,37.6393753,127.0253604
380,37.6388985,127.0284305
381,37.6182793,127.0238525
382,37.638496,127.013581
383,37.6426691,127.0161936
384,37.6454799,127.0157168
385,37.5563132,126.8972357
386,37.6400398,127.0229066
387,37.6370282,127.0170402
388,37.6269767,127.026935
389,37.6417283,127.0247518
390,37.62757800000001,127.025848
391,37.6151806,127.0206974
392,37.630587,127.024664
393,37.5656448,126.9114205
394,37.6435514,127.0222838
395,37.626402,127.02615
396,37.6258343,127.0465723
397,37.6291672,127.0417115
398,37.6214313,127.0406246
399,37.6364437,127.0232409
400,37.6358606,127.0321289
401,37.662909,127.012798
402,37.6529507,127.0118084
403,37.6370282,127.0170402
404,37.641452,127.016896
405,37.626922,127.018164
406,37.621341,127.020507
407,37.63,127.0175472
408,37.620263,127.013587
409,37.6154742,127.0295464
410,37.617544,127.0356305
411,37.6214313,127.0406246
412,37.56862,126.914859
413,37.5491205,126.955546
414,37.55296999999999,126.95669
415,37.57160160000001,126.9604523
416,37.556761,126.945857
417,37.6149241,127.0645457
418,37.6232015,127.0616631
419,37.6244446,127.0506987
420,37.6313974,127.061568
421,37.6172617,127.0749108
422,37.6258623,127.0728393
423,37.58261,126.9504
424,37.6202778,127.0835862
425,37.6324657,127.0786713
426,37.6351911,127.0685438
427,37.6370256,127.0633056
428,37.6487497,127.0763296
429,37.565951,126.9463893
430,37.6481098,127.0707082
431,37.638841,127.0661233
432,37.6610953,127.0735256
433,37.6756997,127.0555338
434,37.5846465,126.9251874
435,37.6562713,127.0624069
436,37.66918950000001,127.0777018
437,37.6734845,127.0831114
438,37.6490683,127.0616608
439,37.6549056,127.0621755
440,37.6802689,127.0548694
441,37.5742842,126.9101562
442,37.6226685,127.0691813
443,37.6226685,127.0691813
444,37.6249129,127.0890701
445,37.6172617,127.0749108
446,37.5759491,126.912309
447,37.639833,127.0657644
448,37.6723375,127.0562151
449,37.65561599999999,127.065748
450,37.65623,127.063519
451,37.6637414,127.0754513
452,37.6302207,127.0694411
453,37.65502559999999,127.0684304
454,37.6540471,127.0563372
455,37.6501096,127.0720135
456,37.5732691,126.919663
457,37.6419109,127.0776129
458,37.6478042,127.0634589
459,37.654527,127.060551
460,37.6177168,127.0751199
461,37.64891530000001,127.0709859
462,37.647767,127.0763797
463,37.6550257,127.0716245
464,37.6551075,127.0752076
465,37.6544628,127.0722651
466,37.6544628,127.0722651
467,37.5793466,126.9170058
468,37.6423605,127.0714027
469,37.6314191,127.0548249
470,37.686337,127.0533771
471,37.65387,127.06094
472,37.6534423,127.0581815
473,37.6266162,127.0546337
474,37.6238188,127.0988783
475,37.6487485,127.0643199
476,37.6431424,127.1062512
477,37.6297331,127.0944164
478,37.6452922,127.0832167
479,37.6564936,127.0760342
480,37.6501865,127.0802386
481,37.61835000000001,127.0756
482,37.64872099999999,127.0802072
483,37.6653602,127.052583
484,37.6689464,127.0548075
485,37.66549,127.05739
486,37.66496,127.05792
487,37.5742548,126.9060041
488,37.6578029,127.0579869
489,37.661059,127.0650347
490,37.6598582,127.0610421
491,37.6294332,127.0826468
492,37.5705054,126.9133646
493,37.6456024,127.0508997
494,37.6893938,127.0455005
495,37.66862870000001,127.0470496
496,37.6654506,127.0422515
497,37.6540005,127.0386044
498,37.6567172,127.0399474
499,37.6491298,127.0350023
500,37.5622641,126.9688455
501,37.6471647,127.0259903
502,37.6444829,127.0439724
503,37.6527303,127.0130222
504,37.6553982,127.0521044
505,37.6573861,127.0501266
506,37.6684954,127.048112
507,37.65291,127.04653
508,37.658047,127.0507602
509,37.662207,127.027693
510,37.6483315,127.0437663
511,37.65685879999999,127.0339061
512,37.6792999,127.0383493
513,37.677343,127.0469819
514,37.6839383,127.0457096
515,37.56577,126.96665
516,37.6902165,127.0439015
517,37.6881334,127.0419644
518,37.6676643,127.042902
519,37.6630592,127.0411307
520,37.6581169,127.0325037
521,37.6803234,127.045755
522,37.6521843,127.0371999
523,37.6399436,127.0389893
524,37.6457209,127.0531266
525,37.6453516,127.0331011
526,37.6483475,127.0232533
527,37.5778104,126.9308627
528,37.5794251,126.9214472
529,37.5776036,126.9076452
530,37.5800874,126.9063095
531,37.56862,126.914859
532,37.55971,126.9622
533,37.46635,126.88825
534,37.48146630000001,126.8774507
535,37.486099,126.878165
536,37.4733398,126.8854431
537,37.4713567,126.8850701
538,37.5557262,126.8945702
539,37.4794491,126.8874768
540,37.4742214,126.8942121
541,37.44696,126.9039552
542,37.4567667,126.8954005
543,37.5517297,126.9027273
544,37.4732597,126.8988106
545,37.4515665,126.9021441
546,37.4531467,126.9006686
547,37.4588253,126.898265
548,37.463629,126.8842038
549,37.45457469999999,126.8908145
550,37.4564805,126.8880443
551,37.4587276,126.8920553
552,37.4749217,126.8986641
553,37.4686493,126.8968106
554,37.5645062,126.9203641
555,37.4704705,126.8956692
556,37.4722139,126.8976898
557,37.4664973,126.891094
558,37.4786998,126.8795035
559,37.4771552,126.8837312
560,37.4675179,126.9080625
561,37.4766552,126.8839257
562,37.558757,126.907282
563,37.4753833,126.8884935
564,37.4768498,126.891786
565,37.4622614,126.9072104
566,37.4765168,126.9109786
567,37.459489,126.8950137
568,37.459489,126.8950137
569,37.460435,126.8862592
570,37.476688,126.885814
571,37.4808988,126.8863264
572,37.5423735,126.934114
573,37.480349,126.886814
574,37.48089,126.8825735
575,37.4513811,126.9134513
576,37.4724633,126.8960197
577,37.478135,126.897086
578,37.4508808,126.8977028
579,37.4784059,126.906826
580,37.460435,126.8862592
581,37.435161,126.902233
582,37.4679459,126.8865073
583,37.5674467,126.885455
584,37.5853095,126.9333622
585,37.5076903,126.8806945
586,37.5144011,126.8826846
587,37.5097941,126.8898475
588,37.4893477,126.8767844
589,37.4950273,126.872004
590,37.57880189999999,126.910787
591,37.4975631,126.883596
592,37.4846836,126.9024444
593,37.4885326,126.8906507
594,37.4921992,126.8913462
595,37.4925043,126.8949615
596,37.4946496,126.8909153
597,37.5720951,126.923266
598,37.505016,126.8879424
599,37.4795415,126.8898271
600,37.49948029999999,126.86824
601,37.4984261,126.8656107
602,37.50590090000001,126.8531819
603,37.498075,126.8520214
604,37.4945586,126.8587506
605,37.5013991,126.8467704
606,37.4945586,126.8587506
607,37.4846909,126.8519255
608,37.5779503,126.904832
609,37.4932957,126.8442409
610,37.4925296,126.8235022
611,37.5023699,126.8814842
612,37.5660339,126.9252802
613,37.4838145,126.8432699
614,37.483762,126.8409505
615,37.4943867,126.8325917
616,37.4825185,126.9005188
617,37.496178,126.890866
618,37.4964029,126.8889524
619,37.565723,126.930235
620,37.5028258,126.8895736
621,37.5081709,126.8911333
622,37.4824503,126.8897691
623,37.4981354,126.8642153
624,37.4979577,126.8580943
625,37.496582,126.862339
626,37.5052344,126.8441788
627,37.4987437,126.8473156
628,37.5013101,126.8287512
629,37.489624,126.8265149
630,37.4943867,126.8325917
631,37.4930835,126.8957865
632,37.486087,126.887272
633,37.486686,126.838681
634,37.4918476,126.8740929
635,37.5622175,126.9638274
636,37.479791,126.840501
637,37.502922,126.884704
638,37.4954703,126.8876391
639,37.4984305,126.8917021
640,37.4849599,126.8952591
641,37.4898199,126.859761
642,37.5075955,126.8581173
643,37.572366,126.898838
644,37.4967723,126.8449269
645,37.4968109,126.8370113
646,37.488375,126.832291
647,37.4966092,126.8720157
648,37.4957895,126.872374
649,37.498243,126.8726515
650,37.4961241,126.8303748
651,37.5310813,126.9165501
652,37.509591,126.8859348
653,37.5129475,126.9416654
654,37.5136948,126.9488514
655,37.512623,126.9339163
656,37.5081244,126.9263096
657,37.4997701,126.9251183
658,37.5307075,126.9216785
659,37.4883543,126.906605
660,37.5059494,126.9395725
661,37.5002076,126.9313288
662,37.4996863,126.9280893
663,37.5292309,126.9248721
664,37.4997186,126.9414329
665,37.5020673,126.9483958
666,37.5088856,126.9638977
667,37.5074562,126.9649897
668,37.5077814,126.9572013
669,37.52689060000001,126.9048692
670,37.4874957,126.9718515
671,37.4859712,126.9815356
672,37.4764838,126.9813957
673,37.4942486,126.9831402
674,37.5011692,126.9691815
675,37.5011692,126.9691815
676,37.5278307,126.9168822
677,37.5062844,126.9688582
678,37.4867836,126.9680917
679,37.4882193,126.975172
680,37.5224767,126.9245731
681,37.5129475,126.9416654
682,37.5114394,126.9450033
683,37.4940063,126.9163554
684,37.5006911,126.9426009
685,37.5134018,126.9435299
686,37.4969589,126.9175329
687,37.5255823,126.9164588
688,37.48478000000001,126.9712
689,37.50693,126.9695517
690,37.4828227,126.9729446
691,37.512537,126.926392
692,37.5035423,126.9658614
693,37.511791,126.927309
694,37.48947649999999,126.9073327
695,37.497749,126.9203703
696,37.48666,126.98218
697,37.496374,126.953504
698,37.52685,126.93228
699,37.51408199999999,126.941687
700,37.48679449999999,126.9725834
701,37.5249367,126.9252845
702,37.4842993,126.9266142
703,37.488821,126.9186442
704,37.4760877,126.9813332
705,37.4803223,126.9145088
706,37.4736875,126.9184995
707,37.4741365,126.9358708
708,37.4834174,126.9420303
709,37.5360773,126.8303929
710,37.5294223,126.9194817
711,37.4824049,126.9033681
712,37.4809261,126.9531513
713,37.4795497,126.9433403
714,37.4846268,126.9039513
715,37.4800943,126.9028959
716,37.4795497,126.9433403
717,37.48435,126.9546408
718,37.522053,126.922277
719,37.4792258,126.9596865
720,37.4643708,126.9187094
721,37.4795654,126.9524378
722,37.4687871,126.9593733
723,37.5230253,126.9213965
724,37.4724028,126.9582266
725,37.4849818,126.9341328
726,37.4845239,126.9299274
727,37.4847549,126.9369424
728,37.4714068,126.937004
729,37.523034,126.9213021
730,37.4741365,126.9358708
731,37.4711157,126.9340392
732,37.47022340000001,126.9424356
733,37.4779829,126.916346
734,37.4868591,126.9429033
735,37.4795497,126.9433403
736,37.5249,126.933669
737,37.4793205,126.9027264
738,37.482276,126.9142431
739,37.4763751,126.9601296
740,37.5244836,126.9319474
741,37.478434,126.9511135
742,37.484961,126.933138
743,37.476692,126.965118
744,37.4765824,126.9643347
745,37.48218,126.9422
746,37.52195560000001,126.9300556
747,37.4815354,126.9118202
748,37.4811125,126.9513217
749,37.49099,126.925521
750,37.488677,126.9285531
751,37.485858,126.929644
752,37.487519,126.913282
753,37.459882,126.9519053
754,37.4859927,126.9461608
755,37.522789,126.928059
756,37.4873547,126.927102
757,37.471629,126.9340043
758,37.4896777,126.9460366
759,37.4702615,126.9386411
760,37.5202062,126.9263648
761,37.5198729,126.9245038
762,37.4543995,127.0534048
763,37.4490126,127.0541508
764,37.4473672,127.0553225
765,37.4620221,127.046974
766,37.4538893,127.0617096
767,37.4545606,127.0648196
768,37.5228802,126.9364734
769,37.5007789,127.0024953
770,37.5024352,127.0124167
771,37.500292,127.0182954
772,37.5041437,126.9970518
773,37.5041437,126.9970518
774,37.501182,126.9968029
775,37.5101816,127.0117842
776,37.5060582,127.0033885
777,37.5206508,126.9367526
778,37.5004451,126.9860815
779,37.4840197,126.9962888
780,37.4780015,126.9818466
781,37.4748113,126.9911492
782,37.480308,126.9967862
783,37.4752793,127.0009461
784,37.4882577,126.9931587
785,37.49035050000001,126.9868953
786,37.4869325,126.9850803
787,37.5183177,126.932892
788,37.4853818,126.9821433
789,37.4975735,127.0253754
790,37.4806801,127.0001834
791,37.4987044,126.9924066
792,37.4844277,127.0138207
793,37.4966122,127.0131222
794,37.5205951,126.9266147
795,37.4855575,127.0426102
796,37.4784728,127.0384324
797,37.4784728,127.0384324
798,37.4712664,127.0219864
799,37.473765,127.0316178
800,37.4693559,127.0285082
801,37.46675880000001,127.0258536
802,37.469022,127.0269197
803,37.4644963,127.0417509
804,37.5175122,126.93017
805,37.4644963,127.0417509
806,37.4661195,127.0326724
807,37.4631657,127.0365398
808,37.4658491,127.0356661
809,37.4696074,127.0389926
810,37.4629931,127.043105
811,37.4729826,127.0537075
812,37.51296,127.011611
813,37.5187532,126.9272851
814,37.5101816,127.0117842
815,37.4717051,127.0268883
816,37.486491,126.981876
817,37.49109,127.007754
818,37.5027115,127.0239634
819,37.5102635,127.0160858
820,37.5445699,126.8885478
821,37.447127,127.056107
822,37.48805,126.99429
823,37.4869618,127.010052
824,37.47906,127.038136
825,37.4706864,127.0355777
826,37.46174329999999,127.0497155
827,37.4745471,127.0386329
828,37.5146315,127.0150681
829,37.493806,127.014696
830,37.53808,126.89427
831,37.4842454,127.0107987
832,37.4766584,126.9867021
833,37.477517,127.00634
834,37.48596149999999,126.9893318
835,37.469023,126.9880312
836,37.4583269,127.0222307
837,37.4582988,127.0558254
838,37.4555981,127.0675996
839,37.456305,127.062423
840,37.46434,126.98852
841,37.5352231,126.8919564
842,37.4995082,126.9992052
843,37.487784,127.026218
844,37.4846028,127.037346
845,37.4757138,127.0462154
846,37.48543000000001,127.01616
847,37.502377,127.020384
848,37.4856845,127.0280225
849,37.52663,126.89699
850,37.505572,127.024257
851,37.511206,127.021728
852,37.5125124,127.0360775
853,37.488533,127.052087
854,37.526063,127.028674
855,37.5292071,127.0383814
856,37.5293182,127.0356038
857,37.5191066,127.0520336
858,37.5244828,126.8915347
859,37.5231998,127.0486655
860,37.517672,127.042776
861,37.519786,127.05465
862,37.5252634,127.0525468
863,37.5223939,127.0510542
864,37.514221,127.060266
865,37.5157828,127.0657303
866,37.5145148,127.0552968
867,37.50696200000001,127.057775
868,37.5257048,126.8877295
869,37.496683,127.070549
870,37.508861,127.063149
871,37.5020404,127.0676173
872,37.5002945,127.0665461
873,37.4986557,127.0593246
874,37.5028201,127.0591274
875,37.4895174,127.0316054
876,37.5033786,127.0428441
877,37.5152033,127.1065767
878,37.528574,126.8915276
879,37.4921488,127.0393715
880,37.497839,127.0442979
881,37.50418,127.04902
882,37.4994914,127.0610527
883,37.48672,127.04665
884,37.4951837,127.0472148
885,37.491355,127.072718
886,37.4830668,127.0540463
887,37.5005076,126.9063157
888,37.483869,127.084032
889,37.4948092,127.0792993
890,37.4730504,127.1020025
891,37.4632328,127.1032368
892,37.5193749,127.0351875
893,37.507349,127.0568246
894,37.50402,127.036129
895,37.50493,126.9102279
896,37.4972705,127.0502289
897,37.4835336,127.0887371
898,37.5183709,127.034412
899,37.51692,127.04107
900,37.51968,127.05685
901,37.5126188,127.0574169
902,37.5148554,127.033969
903,37.5018009,127.0422953
904,37.4825481,127.0544891
905,37.4743815,127.0497913
906,37.5168132,126.8948773
907,37.4882371,127.0392707
908,37.526152,127.028504
909,37.5205636,127.0229273
910,37.5190034,127.0274837
911,37.521227,127.031795
912,37.4886566,127.0407712
913,37.5052936,127.0528528
914,37.4972644,126.9145332
915,37.496208,127.052883
916,37.5149033,127.0349377
917,37.494569,127.063446
918,37.48916699999999,127.066502
919,37.4874685,127.1013245
920,37.486936,127.102409
921,37.5270659,126.9014899
922,37.5115984,127.0494919
923,37.507323,127.033903
924,37.5012147,127.0498235
925,37.466266,127.1167873
926,37.465772,127.108563
927,37.5142501,127.0318255
928,37.472441,127.098004
929,37.5159254,127.0520605
930,37.4867128,127.0656299
931,37.5255326,126.9030595
932,37.4812032,127.0644888
933,37.4791582,127.0647135
934,37.4691667,127.0572222
935,37.4719896,127.051234
936,37.482743,127.060295
937,37.4850739,127.0515758
938,37.5081914,127.0395701
939,37.517989,126.894808
940,37.4859079,127.08221
941,37.4881693,127.0760625
942,37.491355,127.072718
943,37.5222155,127.0527444
944,37.4999072,127.0373932
945,37.478345,127.113784
946,37.492156,127.0309387
947,37.505152,126.899673
948,37.4995811,127.0338292
949,37.4733605,127.1128919
950,37.4918237,127.0880165
951,37.5108129,126.9113075
952,37.5268333,126.8919126
953,37.5294269,126.9050055
954,37.5236499,126.9048945
955,37.53356,126.90206
956,37.5307882,126.9239203
957,37.5244424,126.9358943
958,37.508402,126.9229765
959,37.451243,127.058101
960,37.49186570000001,127.0091612
961,37.503432,127.0101071
962,37.51552,127.01946
963,37.4932391,127.0293555
964,37.481512,126.997638
965,37.4829628,127.0420767
966,37.4984878,126.9924145
967,37.5055495,126.9200055
968,37.4832041,127.021221
969,37.486491,126.981876
970,37.49982,126.91928
971,37.5015971,126.9109501
972,37.5055688,126.9104501
973,37.5092904,126.8987567
974,37.5137347,126.9192268
975,37.51792,126.91419
976,37.51368,126.92651
977,37.5347754,126.9115319
978,37.506478,127.0985955
979,37.480889,127.130358
980,37.5328746,127.1110686
981,37.5132612,127.1001336
982,37.4811919,127.1441343
983,37.47019,127.12693
984,37.5144161,127.1060657
985,37.5104051,127.1065419
986,37.5359021,127.116068
987,37.4904865,127.126605
988,37.5133283,127.0814337
989,37.5013907,127.1169106
990,37.48782509999999,127.120525
991,37.4956019,127.1393725
992,37.49571299999999,127.1368727
993,37.503873,127.089064
994,37.50231,127.09674
995,37.51965,126.8876463
996,37.510276,127.112224
997,37.515419,127.1206369
998,37.516628,127.13109
999,37.5172337,126.8887852
1000,37.5212888,126.8919237
1001,37.5222594,126.8942028
1002,37.5182526,126.9010762
1003,37.5358333,126.8986111
1004,37.5351486,126.9006624
1005,37.52278889999999,126.9279862
1006,37.566876,126.8271565
1007,37.5693542,126.8205661
1008,37.518436,126.9203798
1009,37.5352678,126.9037921
1010,37.5154014,126.9070172
1011,37.52212189999999,126.8863408
1012,37.5182619,126.9131834
1013,37.5189005,126.9057835
1014,37.5093688,126.8943577
1015,37.5117068,126.9035617
1016,37.532804,126.8943356
1017,37.4844847,126.8945479
1018,37.498123,126.894603
1019,37.4876153,126.9048644
1020,37.5233486,126.9077563
1021,37.5179084,126.9022416
1022,37.49990260000001,126.8972571
1023,37.4947272,126.9003715
1024,37.5257172,126.9057741
1025,37.5274114,126.8935179
1026,37.4998478,126.8980796
1027,37.5307808,126.8983384
1028,37.5147145,126.8989354
1029,37.5117947,126.9036695
1030,37.529268,126.9072186
1031,37.5679414,126.9693423
1032,37.57578,126.97217
1033,37.576,126.97321
1034,37.5735895,126.9759418
1035,37.57174,126.97748
1036,37.5727864,126.9791778
1037,37.5707,126.97647
1038,37.5704837,126.9705674
1039,37.5697566,126.9739421
1040,37.5740339,126.976775
1041,37.5692289,126.9779139
1042,37.5586682,126.9509646
1043,37.579073,126.934821
1044,37.56997,126.933536
1045,37.59301689999999,126.9521234
1046,37.5580552,126.9520384
1047,37.59675259999999,126.9380837
1048,37.574765,126.926845
1049,37.5692223,126.9337715
1050,37.5657037,126.9768616
1051,37.5657037,126.9768616
1052,37.5794091,126.9803691
1053,37.577117,126.9863018
1054,37.57038,126.98177
1055,37.5688402,126.9827468
1056,37.56642739999999,126.9835961
1057,37.5655,126.9848044
1058,37.563177,126.9873604
1059,37.5603074,126.9808307
1060,37.57647,126.98611
1061,37.5728218,126.9880335
1062,37.5711455,126.9883295
1063,37.568426,126.990655
1064,37.5672335,126.9836227
1065,37.56566979999999,126.9894519
1066,37.5656958,126.9884849
1067,37.5719416,127.0043274
1068,37.570178,126.983116
1069,37.5625041,126.9925599
1070,37.5787708,126.9948698
1071,37.5717942,126.9970659
1072,37.570506,126.996763
1073,37.585467,127.0005959
1074,37.582089,127.00191
1075,37.5805058,127.0028001
1076,37.575312,127.0046611
1077,37.5741904,127.0070197
1078,37.5735621,127.000606
1079,37.5686858,127.0105375
1080,37.565111,127.007783
1081,37.5761724,126.9688035
1082,37.55744,127.07946
1083,37.5385333,127.0823772
1084,37.56615,127.08458
1085,37.5503402,127.1092787
1086,37.5378186,127.0765801
1087,37.5345681,127.069156
1088,37.5373454,127.06124
1089,37.5469,127.078044
1090,37.546435,127.066581
1091,37.5859415,126.9693286
1092,37.568842,127.0865144
1093,37.56461,127.02911
1094,37.5659975,127.0239104
1095,37.5443878,127.0374424
1096,37.5471803,127.0924929
1097,37.562804,127.081204
1098,37.55695,127.07916
1099,37.56246000000001,127.05141
1100,37.5835049,126.9868797
1101,37.542873,127.083821
1102,37.5432851,127.0974253
1103,37.5614811,127.0493794
1104,37.5407625,127.0793428
1105,37.5502596,127.073139
1106,37.5455958,127.0250663
1107,37.5585644,127.0251874
1108,37.5510185,127.1105699
1109,37.5482248,127.0808374
1110,37.5793774,126.9849154
1111,37.5607632,127.0281856
1112,37.554065,127.024882
1113,37.5607837,127.0267911
1114,37.5389565,127.0711279
1115,37.540397,127.069253
1116,37.5592043,127.0874313
1117,37.5329059,127.0780702
1118,37.54790029999999,127.093181
1119,37.5509032,127.0447312
1120,37.5639,127.13318
1121,37.5790521,126.9884129
1122,37.5411175,127.0660706
1123,37.5459175,127.0906772
1124,37.5773893,127.0030508
1125,37.5772284,127.001578
1126,37.57592289999999,126.9973007
1127,37.57573,126.998674
1128,37.57333,127.01624
1129,37.57091,127.018107
1130,37.57577,127.02285
1131,37.57942,127.01509
1132,37.57434,126.95829
1133,37.5693313,126.9811428
1134,37.57492269999999,126.9780248
1135,37.5638684,126.9753032
1136,37.55891,127.00485
1137,37.55361,127.01185
1138,37.5536204,127.0165217
1139,37.56033,127.01404
1140,37.5639243,127.0188353
1141,37.5657275,127.0165284
1142,37.5657037,126.9768616
1143,37.563942,127.0032778
1144,37.5581719,127.0067176
1145,37.556437,127.009118
1146,37.56528,127.01652
1147,37.5553636,126.9387062
1148,37.56959,126.98259
1149,37.5903934,126.9987724
1150,37.5673407,127.0037725
1151,37.5857551,127.0021611
1152,37.56662000000001,126.997631
1153,37.5609739,126.9935287
1154,37.5670534,126.970019
1155,37.57008,127.00932
1156,37.5687512,126.967263
1157,37.5687103,126.9640659
1158,37.5710071,126.9958836
1159,37.5663962,126.992607
1160,37.555136,126.9634788
1161,37.588972,126.8824206
1162,37.5855863,126.8821172
1163,37.5833058,126.8785093
1164,37.545231,126.9309747
1165,37.5824487,126.8851499
1166,37.5816659,126.8812657
1167,37.5804759,126.8835617
1168,37.581059,126.886839
1169,37.5794205,126.8899222
1170,37.5788431,126.8879741
1171,37.577744,126.892156
1172,37.5760321,126.8905611
1173,37.570983,126.889995
1174,37.5783065,126.8946654
1175,37.580228,126.8907005
1176,37.5754211,126.8933664
1177,37.5779636,126.9004205
1178,37.5593963,126.9058128
1179,37.5675388,126.8973256
1180,37.57508079999999,126.8933654
1181,37.5663123,126.9020797
1182,37.5709869,126.894132
1183,37.57353250000001,126.897866
1184,37.5846777,126.8857357
1185,37.5490776,126.9539755
1186,37.570074,126.903604
1187,37.566045,126.9933297
1188,37.551103,127.008214
1189,37.5618231,127.0066364
1190,37.5710072,127.0189654
1191,37.563737,126.9083772
1192,37.566065,126.982679
1193,37.5629772,127.021503
1194,37.55634,126.976013
1195,37.55633,126.94604
1196,37.54816,126.94158
1197,37.5647837,126.906671
1198,37.535432,126.9436931
1199,37.5674467,126.885455
1200,37.602638,126.955252
1201,37.6041111,126.9616882
1202,37.608785,126.973008
1203,37.583446,126.9737514
1204,37.5815247,126.9804723
1205,37.5712417,127.0049562
1206,37.5708657,127.0019064
1207,37.5717004,127.0006727
1208,37.5781509,127.0221796
1209,37.5728109,126.9791251
1210,37.5740339,126.976775
1211,37.5748364,126.9719665
1212,37.5836042,126.9816079
1213,37.546719,127.075189
1214,37.5374949,127.0705895
1215,37.531544,127.066708
1216,37.5387444,127.0730032
1217,37.5331518,127.0756554
1218,37.5373036,127.082581
1219,37.5493439,127.0575456
1220,37.5481155,127.0571309
1221,37.5451222,127.0577124
1222,37.5397379,127.0531007
1223,37.542053,127.042589
1224,37.5431275,127.0445665
1225,37.54776,127.0461
1226,37.546538,127.048993
1227,37.542412,127.062693
1228,37.5302912,127.0858211
1229,37.5483453,127.0693268
1230,37.5712861,127.0350222
1231,37.5658499,127.0363109
1232,37.5645,127.028872
1233,37.5611284,127.035505
1234,37.54853,127.01681
1235,37.5437855,127.0139666
1236,37.5489545,127.0271319
1237,37.5596479,127.0439633
1238,37.5629174,127.0576839
1239,37.56147199999999,127.064657
1240,37.568768,127.03035
1241,37.5481489,127.0210214
1242,37.55462060000001,127.0342977
1243,37.557402,127.029637
1244,37.56007719999999,127.0422154
1245,37.567072,127.052382
1246,37.5593985,127.0737382
1247,37.55695,127.07916
1248,37.535152,127.094689
1249,37.5354564,127.0960906
1250,37.5402625,127.1014027
1251,37.53207,127.085892
1252,37.5303568,127.0748363
1253,37.55155999999999,127.08959
1254,37.5716111,127.0361
1255,37.539827,127.0948479
1256,37.5360961,127.0927925
1257,37.570988,127.0798207
1258,37.538066,127.0918804
1259,37.5438439,127.0207716
1260,37.5677914,127.0254332
1261,37.5640362,127.036575
1262,37.561127,127.036968
1263,37.5511931,127.0685007
1264,37.5431275,127.0445665
1265,37.552851,127.076992
1266,37.5485336,127.0627443
1267,37.54785,127.01565
1268,37.5409152,127.017273
1269,37.5445945,127.0569624
1270,37.5719436,127.0239147
1271,37.550019,127.030559
1272,37.54904,127.07509
1273,37.5649264,127.0851775
1274,37.5482248,127.0808374
1275,37.549363,127.0818126
1276,37.564343,127.087001
1277,37.545339,127.103623
1278,37.5463451,127.106152
1279,37.5485336,127.0627443
1280,37.565425,127.0423799
1281,37.5543052,127.0198293
1282,37.5607574,127.0533645
1283,37.5435667,127.0483522
1284,37.56930680000001,127.0443613
1285,37.5477055,127.0735718
1286,37.5490924,127.0551679
1287,37.5662814,127.0453926
1288,37.5454553,127.0452413
1289,37.531544,127.066708
1290,37.5441585,127.0566572
1291,37.5402342,127.0735998
1292,37.5407625,127.0793428
1293,37.5418772,127.0782087
1294,37.5295859,127.0752328
1295,37.5575653,127.0652668
1296,37.5900058,127.0685989
1297,37.575757,127.037241
1298,37.5723136,127.0716825
1299,37.568765,127.0554461
1300,37.57389,127.02646
1301,37.5848665,127.069899
1302,37.60238,127.06783
1303,37.5817843,127.0556004
1304,37.5880055,127.0374076
1305,37.5741741,127.0521287
1306,37.5735046,127.0309651
1307,37.57498,127.02413
1308,37.577586,127.029998
1309,37.5753404,127.0357412
1310,37.5833674,127.0536283
1311,37.5755352,127.0618778
1312,37.5745089,127.0520944
1313,37.5777005,127.0591035
1314,37.5838657,127.0587771
1315,37.5748683,127.045796
1316,37.5674812,127.0576422
1317,37.561447,127.0707666
1318,37.5788405,127.0721544
1319,37.5864945,127.0689319
1320,37.5745905,127.0401577
1321,37.567072,127.052382
1322,37.580451,127.0446015
1323,37.597319,127.057843
1324,37.588201,127.0524432
1325,37.590783,127.0435458
1326,37.592573,127.046737
1327,37.5794335,127.0658492
1328,37.5794335,127.0658492
1329,37.582784,127.044657
1330,37.5732019,127.038907
1331,37.5703758,127.0484172
1332,37.5665087,127.0734602
1333,37.5618,127.06402
1334,37.60309,127.06752
1335,37.5661753,127.0621836
1336,37.591179,127.066384
1337,37.582691,127.0480905
1338,37.5758301,127.0653428
1339,37.5812801,127.0603271
1340,37.5885055,127.0436292
1341,37.5761124,127.0490682
1342,37.573523,127.066877
1343,37.5781758,127.0345907
1344,37.577823,127.0376902
1345,37.5948938,127.0517671
1346,37.5933453,127.0633109
1347,37.546702,126.8726748
1348,37.5323704,126.8683423
1349,37.5241,126.87563
1350,37.5215724,126.8635459
1351,37.5222212,126.85113
1352,37.5151222,126.8547886
1353,37.5191415,126.8695272
1354,37.5114002,126.8415122
1355,37.5098034,126.8405502
1356,37.5174552,126.8487058
1357,37.532786,126.829513
1358,37.5325495,126.8309092
1359,37.5172157,126.8643728
1360,37.5319114,126.8641206
1361,37.5160347,126.8340791
1362,37.5213308,126.8575126
1363,37.5291134,126.8735234
1364,37.5102339,126.8554831
1365,37.5243526,126.8496413
1366,37.534354,126.869889
1367,37.510224,126.8671367
1368,37.5296209,126.8776193
1369,37.539702,126.828485
1370,37.514539,126.8564829
1371,37.5356478,126.8714808
1372,37.5214822,126.8369846
1373,37.522649,126.8476224
1374,37.5358414,126.8283183
1375,37.5364042,126.8308286
1376,37.5393132,126.8259574
1377,37.551303,126.8645185
1378,37.5084839,126.8419844
1379,37.543798,126.882296
1380,37.5223989,126.8409841
1381,37.5369369,126.8781459
1382,37.535069,126.875898
1383,37.5306263,126.8808831
1384,37.53637940000001,126.8864324
1385,37.5144393,126.8339619
1386,37.5420635,126.8641758
1387,37.537853,126.881514
1388,37.537853,126.881514
1389,37.5280467,126.8773463
1390,37.5133702,126.829922
1391,37.514464,126.8597032
1392,37.5240931,126.8385954
1393,37.5067402,126.8444442
1394,37.5246912,126.8773916
1395,37.5104801,126.8591496
1396,37.5287679,126.8784399
1397,37.52483,126.8762
1398,37.54409,126.88332
1399,37.53232,126.9548175
1400,37.54072,127.00199
1401,37.5389175,127.0049958
1402,37.5368099,126.9702054
1403,37.532756,126.958888
1404,37.5536067,126.9696195
1405,37.5229015,126.9919972
1406,37.5299738,127.007355
1407,37.5381894,126.9866535
1408,37.5349668,126.9855417
1409,37.5366059,126.9771397
1410,37.53334,126.9721
1411,37.5184338,126.9787412
1412,37.5300571,126.9684974
1413,37.5350315,126.9734515
1414,37.5463644,126.9648311
1415,37.542351,126.9666891
1416,37.5498145,126.9718317
1417,37.5207592,126.9717021
1418,37.5424819,126.9618329
1419,37.5204019,126.9946359
1420,37.5609724,126.9945971
1421,37.542223,126.9803401
1422,37.5536067,126.9696195
1423,37.523706,126.961944
1424,37.534802,126.948656
1425,37.535001,126.9928168
1426,37.5213736,126.9731935
1427,37.53906,126.96166
1428,37.5420342,126.9716544
1429,37.5315942,126.9528619
1430,37.5205135,126.9935897
1431,37.54483,126.97228
1432,37.5241793,127.0009963
1433,37.5247908,126.9709756
1434,37.5278825,126.9676321
1435,37.534945,126.9853515
1436,37.5267893,126.9550562
1437,37.5323999,126.9652495
1438,37.5458985,126.9809698
1439,37.60361109999999,126.9277778
1440,37.6006408,126.9267236
1441,37.6426078,126.919112
1442,37.64603280000001,126.9270174
1443,37.6469408,126.9300275
1444,37.636649,126.918987
1445,37.61868,126.92105
1446,37.5995575,126.9172801
1447,37.611908,126.91716
1448,37.588838,126.922725
1449,37.60589,126.92287
1450,37.590791,126.916526
1451,37.6003028,126.9201131
1452,37.59123,126.91377
1453,37.58451,126.91012
1454,37.6077914,126.9211702
1455,37.600869,126.935761
1456,37.6084167,126.9337532
1457,37.6294409,126.9184024
1458,37.61842,126.92153
1459,37.620805,126.9256953
1460,37.6288157,126.9298536
1461,37.60916,126.93127
1462,37.61132,126.9294
1463,37.6177778,126.9227778
1464,37.6404448,126.9381206
1465,37.6128611,126.9274951
1466,37.6016129,126.9264458
1467,37.610194,126.9152074
1468,37.6113644,126.9300877
1469,37.5969743,126.9092809
1470,37.6452742,126.9248058
1471,37.6443428,126.9179372
1472,37.601198,126.930361
1473,37.637215,126.9330676
1474,37.6440244,126.9290277
1475,37.60245219999999,126.9288474
1476,37.634344,126.93205
1477,37.618397,126.933056
1478,37.6193201,126.9212136
1479,37.57754000000001,126.90223
1480,37.618812,126.920842
1481,37.609977,126.91687
1482,37.618983,126.920297
1483,37.6235568,126.924947
1484,37.6262803,126.9283856
1485,37.6425621,126.9205939
1486,37.5942526,126.9185857
1487,37.6002241,126.9230017
1488,37.636581,126.918833
1489,37.638636,126.9189455
1490,37.6108916,126.9299497
1491,37.6375367,126.9185875
1492,37.6147032,126.9329567
1493,37.6166944,126.9265287
1494,37.5939948,126.9237896
1495,37.6084167,126.9337532
1496,37.6084167,126.9337532
1497,37.6419414,126.9295555
1498,37.6442078,126.93065
1499,37.602918,126.9062533
1500,37.58193079999999,126.894943
1501,37.5716111,127.0361
1502,37.5568224,126.9351023
1503,37.4840197,126.9962888
1504,37.5029603,127.0367156
