,lat,lng
0,37.5010689,127.0430285
1,37.5101814,127.0222548
2,37.499549,127.0316604
3,37.4945186,127.0626332
4,37.5075512,127.060561
5,37.5273669,127.0330761
6,37.4879723,127.1026505
7,37.4852655,127.0367026
8,37.5053116,127.0503634
9,37.5112773,127.048547
10,37.5020667,127.0266414
11,37.5101935,127.0585824
12,37.5182675,127.0459628
13,37.493073,127.0412545
14,37.4977735,127.028536
15,37.4989728,127.060172
16,37.522156,127.0564489
17,37.5262829,127.0295602
18,37.521852,127.0225098
19,37.5252162,127.0418275
20,37.4872446,127.0327813
21,37.52236449999999,127.0379543
22,37.5033312,127.0588167
23,37.5075307,127.0574271
24,37.5191246,127.0286314
25,37.516159,127.020635
26,37.4921442,127.0573977
27,37.5148904,127.0357573
28,37.5236351,127.0468651
29,37.4966281,127.055214
30,37.4941005,127.0330019
31,37.5101935,127.0585824
32,37.5231593,127.021625
33,37.5018188,127.0391222
34,37.49946740000001,127.0338109
35,37.5030912,127.0255689
36,37.5243631,127.0515599
37,37.5097863,127.0579134
38,37.5078813,127.0652928
39,37.5145746,127.0307537
40,37.499591,127.0622226
41,37.5032937,127.0437705
42,37.4886012,127.0529644
43,37.5069114,127.0555833
44,37.5037503,127.0512031
45,37.526735,127.0281047
46,37.5268082,127.0347226
47,37.49589570000001,127.0388933
48,37.5022291,127.0405658
49,37.5165849,127.0412433
50,37.4935547,127.0619593
51,37.4777792,127.0451187
52,37.4996847,127.0349215
53,37.4979557,127.0685027
54,37.51075489999999,127.0445597
55,37.5134507,127.0527081
56,37.5018592,127.0372776
57,37.5240211,127.0278937
58,37.5039768,127.0484673
59,37.4879855,127.1017774
60,37.5153516,127.0601103
61,37.4921956,127.039393
62,37.50800400000001,127.0353584
63,37.5186549,127.0514387
64,37.5280809,127.0364236
65,37.5089596,127.0404373
66,37.4885277,127.032471
67,37.4964557,127.0296885
68,37.5006843,127.0352306
69,37.49654450000001,127.0420764
70,37.5025597,127.044093
71,37.5057344,127.0579281
72,37.5049219,127.0467242
73,37.5100113,127.0638805
74,37.5115577,127.032262
75,37.5172519,127.0233424
76,37.6183622,127.0210925
77,37.6400187,127.0273281
78,37.62157819999999,127.0297189
79,37.6380167,127.026135
80,37.6260494,127.0266005
81,37.5533338,126.8510294
82,37.5495419,126.835914
83,37.5619085,126.8341226
84,37.5743389,126.8164145
85,37.5681892,126.8261933
86,37.5604321,126.8295888
87,37.561561,126.8532562
88,37.5350355,126.8631182
89,37.5535944,126.8412653
90,37.5405337,126.8375885
91,37.5582043,126.8443392
92,37.547251,126.8745264
93,37.5601723,126.8393026
94,37.5581583,126.8617125
95,37.5316073,126.8454041
96,37.4776649,126.9611926
97,37.4792703,126.9527981
98,37.4809346,126.9084069
99,37.4815987,126.9522003
100,37.4761693,126.9650053
101,37.47600910000001,126.9809985
102,37.4909875,126.9255323
103,37.4846038,126.9304905
104,37.48605870000001,126.9291581
105,37.4838735,126.9302332
106,37.4811125,126.9513217
107,37.5518888,127.0764093
108,37.5506271,127.0899534
109,37.5411292,127.0952402
110,37.545357,127.0871714
111,37.5417175,127.0873849
112,37.5566812,127.0789171
113,37.5473667,127.106064
114,37.5376127,127.0726183
115,37.5354769,127.0691462
116,37.5361506,127.093086
117,37.5406604,127.0707225
118,37.5369745,127.0840194
119,37.5435747,127.098782
120,37.5387765,127.0710831
121,37.4806318,126.8805702
122,37.4715113,126.8987752
123,37.4488601,126.903246
124,37.4813244,126.8837789
125,37.469824,126.89589
126,37.4798346,126.8824997
127,37.4773244,126.8877548
128,37.4785992,126.8851547
129,37.4771592,126.8837142
130,37.4794444,126.8875
131,37.62644,127.0619091
132,37.6460967,127.0712379
133,37.6206884,127.0743116
134,37.6606791,127.057048
135,37.626337,127.0722523
136,37.6292222,127.0905514
137,37.6504634,127.0759752
138,37.6543814,127.0636656
139,37.6231479,127.0607009
140,37.6481244,127.0621656
141,37.6547298,127.0600029
142,37.62644,127.0619091
143,37.6516821,127.046933
144,37.6483224,127.0348734
145,37.4841211,126.9726489
146,37.4920496,126.9234976
147,37.4843975,126.9804278
148,37.5129475,126.9416654
149,37.4999142,126.9317661
150,37.5069327,126.9581247
151,37.4968346,126.9527123
152,37.4953631,126.9548386
153,37.47840679999999,126.9813606
154,37.579488,126.892456
155,37.5411857,126.9422092
156,37.5546884,126.9202895
157,37.5498579,126.9544187
158,37.5459128,126.9529563
159,37.5489656,126.9134767
160,37.5574123,126.9254305
161,37.5438755,126.9476798
162,37.5493766,126.9316559
163,37.5495927,126.9121968
164,37.548298,126.9415507
165,37.5533761,126.9185644
166,37.5812812,126.8889108
167,37.555138,126.9346633
168,37.5784516,126.8915392
169,37.5474817,126.9232158
170,37.5424641,126.9505773
171,37.5513453,126.9169075
172,37.5524589,126.9378262
173,37.5740931,126.9035854
174,37.5518988,126.9232428
175,37.5571739,126.923614
176,37.5568127,126.9199477
177,37.5522028,126.9554999
178,37.5532505,126.9248429
179,37.5770598,126.8913944
180,37.54043,126.94632
181,37.5412413,126.9489446
182,37.5501805,126.9232392
183,37.5557302,126.9106996
184,37.5424268,126.9533694
185,37.5489656,126.9134767
186,37.5576874,126.9563975
187,37.5562647,126.9345138
188,37.5667633,126.9305031
189,37.5577978,126.9554328
190,37.5886324,126.943832
191,37.564089,126.9389809
192,37.5782618,126.9223233
193,37.5701185,126.9338591
194,37.5600052,126.9293387
195,37.5637129,126.9646194
196,37.556187,126.9392967
197,37.5564503,126.9371086
198,37.5583821,126.9459524
199,37.5622702,126.941068
200,37.5642551,126.9503079
201,37.5586875,126.9366988
202,37.5564819,126.940327
203,37.5627988,126.9647478
204,37.566388,126.9462765
205,37.5577614,126.9381244
206,37.5598732,126.9641102
207,37.5037208,127.0240967
208,37.4843008,126.9960781
209,37.5041299,127.0030692
210,37.4882539,127.0090099
211,37.4844008,127.0300468
212,37.4934821,127.0292328
213,37.4860394,126.9830638
214,37.5148246,127.01945
215,37.5054942,127.006719
216,37.5073277,127.0225816
217,37.4866882,126.9948792
218,37.4934767,126.9865297
219,37.4927671,127.0117898
220,37.4473672,127.0553225
221,37.4772752,126.9821605
222,37.5044253,127.0077601
223,37.4942069,127.0139398
224,37.4822885,127.0368492
225,37.51162010000001,127.0205982
226,37.4864664,126.9827403
227,37.4899917,126.9924614
228,37.4949034,127.0274129
229,37.4806256,127.0123511
230,37.4933118,127.0145415
231,37.5041299,127.0030692
232,37.4955152,127.027742
233,37.48193,126.9976464
234,37.5094191,127.0130498
235,37.4846566,127.016968
236,37.5102313,127.0069616
237,37.5000875,127.0254909
238,37.4923513,127.0142164
239,37.4630294,127.0368831
240,37.5053019,127.0236395
241,37.481962,127.0425724
242,37.4843561,127.0142016
243,37.49922970000001,126.9985484
244,37.4982126,127.0268238
245,37.4906229,127.0085975
246,37.4810928,127.0134801
247,37.4963206,127.0133771
248,37.4979267,127.0260564
249,37.4858915,127.0215742
250,37.4873998,127.0151589
251,37.5027113,127.0238406
252,37.6108648,127.0296051
253,37.5919525,127.0360401
254,37.6075807,127.0293034
255,37.5908044,127.0188447
256,37.6011247,127.0338991
257,37.588696,127.0073207
258,37.6017514,127.0403249
259,37.590799,127.0277773
260,37.60839199999999,127.028741
261,37.5931137,127.0184022
262,37.590799,127.0277773
263,37.5889972,127.0048925
264,37.5107933,127.1102658
265,37.5145667,127.1024928
266,37.4856859,127.1193237
267,37.4969567,127.1362521
268,37.4856859,127.1193237
269,37.4856859,127.1193237
270,37.5190781,127.1015754
271,37.479731,127.1440429
272,37.5065478,127.1205263
273,37.5145732,127.1074043
274,37.5156426,127.1164819
275,37.4839972,127.1200817
276,37.5022465,127.1103401
277,37.50633510000001,127.0962937
278,37.491868,127.1262565
279,37.4915118,127.1164066
280,37.5132916,127.123111
281,37.5085169,127.1266393
282,37.5094027,127.1052218
283,37.5175312,127.103575
284,37.5114268,127.0812007
285,37.515321,127.0995425
286,37.51104369999999,127.0939042
287,37.5104935,127.0790257
288,37.5157197,127.1322328
289,37.4948203,127.1187978
290,37.5042626,127.1061077
291,37.494324,127.1213465
292,37.4782316,127.1193703
293,37.5488905,126.8680693
294,37.5291722,126.8759793
295,37.5198014,126.8487425
296,37.5266578,126.8637816
297,37.5259231,126.868438
298,37.520518,126.8688409
299,37.5245067,126.862375
300,37.5293911,126.8320559
301,37.5279765,126.8706029
302,37.5241644,126.8703368
303,37.5367034,126.8821186
304,37.5363389,126.878533
305,37.526814,126.875021
306,37.5295352,126.8752011
307,37.5035749,126.9192153
308,37.5169614,126.909139
309,37.5331208,126.9038043
310,37.5249367,126.9252845
311,37.5265758,126.9181878
312,37.5213452,126.9259819
313,37.53026,126.9195488
314,37.5267921,126.9047058
315,37.5292309,126.9248721
316,37.5278307,126.9168822
317,37.537268,126.8945943
318,37.5233278,126.9234386
319,37.5339752,126.8970619
320,37.51990929999999,126.9317832
321,37.5187813,126.9278117
322,37.50455729999999,126.9100739
323,37.517425,126.8964798
324,37.5350961,126.8999555
325,37.52236550000001,126.9290942
326,37.5278712,126.9202202
327,37.5176258,126.9052504
328,37.51466569999999,126.8984728
329,37.5344337,126.9018763
330,37.5296225,126.9203828
331,37.5240419,126.9244816
332,37.5222883,126.9297152
333,37.5201371,126.9263986
334,37.5196292,126.8896882
335,37.5176258,126.9052504
336,37.52013300000001,126.929486
337,37.5172744,126.9038088
338,37.5185135,126.9095859
339,37.517007,126.9041419
340,37.5300485,126.9210498
341,37.5249367,126.9252845
342,37.609382,126.9303971
343,37.6394858,126.9189884
344,37.6186243,126.9220434
345,37.6201922,126.9198809
346,37.6354486,126.9231387
347,37.6010363,126.9267886
348,37.60077709999999,126.9204992
349,37.6117171,126.9176171
350,37.5743289,126.9804595
351,37.5824779,127.002185
352,37.5716658,126.9722875
353,37.60614899999999,126.9672128
354,37.571853,127.0078329
355,37.5707075,126.9835766
356,37.5690643,126.9638129
357,37.5744107,126.9735709
358,37.5727002,127.0160721
359,37.572565,126.981137
360,37.5793885,126.9864543
361,37.5716169,126.9806844
362,37.5696602,126.9748903
363,37.5773379,126.9856353
364,37.5853358,126.9816987
365,37.570925,126.9788425
366,37.5696478,126.9916588
367,37.5750907,126.9739521
368,37.5721293,126.9870349
369,37.5696304,126.9821706
370,37.571445,126.975979
371,37.582923,126.9983545
372,37.5743822,126.9688505
373,37.5711959,126.9986621
374,37.5699183,126.9845281
375,37.5689024,126.9841672
376,37.5829419,127.0038862
377,37.5690496,126.9859854
378,37.5771471,126.9726344
379,37.5738637,126.9789715
380,37.58348549999999,127.001148
381,37.5814942,127.0023216
382,37.5705527,126.9902055
383,37.5764804,127.001457
384,37.5754163,126.9801322
385,37.5697113,126.9886559
386,37.5616151,126.9768612
387,37.5689316,127.0087977
388,37.5607309,126.9738974
389,37.5646118,126.9852283
390,37.566516,127.0062376
391,37.5609063,126.9991003
392,37.5609008,126.9809889
393,37.5664536,126.9836673
394,37.5565217,126.975145
395,37.5651328,127.0071909
396,37.5669467,126.982232
397,37.5595925,127.0061416
398,37.5658043,127.0165817
399,37.5570572,126.9736211
400,37.5590809,126.9805937
401,37.5671564,126.9832536
402,37.56654899999999,126.9878497
403,37.5603075,126.9808306
404,37.5615577,126.9821367
405,37.5673811,126.977859
406,37.56369919999999,126.9857659
407,37.55539780000001,127.0107109
408,37.5643293,126.9903246
409,37.5627133,126.985603
410,37.5636861,126.9789237
411,37.5612786,126.9693213
412,37.565296,127.0143007
413,37.5650962,126.9837163
414,37.5585967,126.9732661
415,37.560174,126.9720786
416,37.56103,126.9953279
417,37.5644064,126.9796971
418,37.5677014,126.9788451
419,37.5670828,126.9686365
420,37.5624548,126.9767831
421,37.5613107,126.9729685
422,37.5585441,126.9754628
423,37.5708733,127.0213284
424,37.5633773,126.9755129
425,37.5641319,126.9845364
426,37.5670688,126.9848292
427,37.5637273,126.9807681
428,37.5628481,126.9721664
429,37.5655809,126.9832977
430,37.5635558,126.9692092
431,37.5662247,126.9799989
432,37.5662247,126.9799989
433,37.5635355,126.998912
434,37.5608244,126.9830929
435,37.5602013,126.9829327
436,37.5631995,126.9822547
437,37.5525446,127.1437615
438,37.5291389,127.1237922
439,37.55504,127.1300647
440,37.53660199999999,127.133118
441,37.5227235,127.1339426
442,37.5378069,127.1273094
443,37.5389169,127.1252133
444,37.5386789,127.1400495
445,37.5530573,127.1724614
446,37.525401,127.1259345
447,37.5378216,127.1242994
448,37.5539649,127.1559881
449,37.5346536,127.1383951
450,37.50500299999999,126.883794
451,37.4833471,126.8965154
452,37.4961687,126.8448492
453,37.4856821,126.8955076
454,37.4858711,126.8915302
455,37.4844847,126.8945479
456,37.4815733,126.8934683
457,37.5084321,126.8887332
458,37.4831293,126.8988591
459,37.5084321,126.8887332
460,37.5684656,127.0511062
461,37.59153140000001,127.0520171
462,37.5953303,127.0592389
463,37.5766701,127.0255138
464,37.5907694,127.0561043
465,37.595688,127.0613927
466,37.5622228,127.0655129
467,37.5928812,127.0528085
468,37.546432,127.0490419
469,37.5549336,127.0367427
470,37.543193,127.0569432
471,37.5649226,127.0279499
472,37.5627152,127.0338928
473,37.5574629,127.0347413
474,37.557121,127.0421163
475,37.5621482,127.0379421
476,37.5399389,127.0531674
477,37.5342727,126.9947897
478,37.5370671,127.0010864
479,37.5274163,126.9658935
480,37.5186054,126.9772713
481,37.5287967,126.9671806
482,37.5242567,126.970731
483,37.5428313,126.9722421
484,37.5347739,127.0109257
485,37.5509473,126.9892965
486,37.5359824,126.9713509
487,37.534982,126.9975659
488,37.5333841,127.0056296
489,37.5445812,126.9671959
490,37.5289471,126.9917838
491,37.5442008,126.9719246
492,37.5280137,126.9653287
493,37.5210945,126.9690312
494,37.5909072,127.0937704
495,37.5930326,127.0747358
496,37.6083906,127.0954925
497,37.5841989,127.0866148
498,37.5968974,127.086455
499,37.6136975,127.077514
